Age_10wksp<-c(21,21,20,20,22,22,21,21,22,27,21,20,22,21,20,19,18,18,24,25,23,21,30,21,22,36,23,32,41,24,21,22,22,22)
